ts,cpu_percent,mem_usage_mb,mem_limit_mb
1791229026,[H0.50,34.46MiB,512MiB[K
1791229026,[K,,
1791229026,[J[H0.50,34.46MiB,512MiB[K
1791229026,[K,,
1791229027,[J[H90.60,35.44MiB,512MiB[K
1791229027,[K,,
1791229027,[J[H90.60,35.44MiB,512MiB[K
1791229027,[K,,
1791229028,[J[H100.40,35.77MiB,512MiB[K
1791229028,[K,,
1791229028,[J[H100.40,35.77MiB,512MiB[K
1791229028,[K,,
1791229029,[J[H100.36,36.1MiB,512MiB[K
1791229029,[K,,
1791229029,[J[H100.36,36.1MiB,512MiB[K
1791229029,[K,,
1791229030,[J[H100.40,35.6MiB,512MiB[K
1791229030,[K,,
1791229030,[J[H100.40,35.6MiB,512MiB[K
1791229030,[K,,
1791229031,[J[H100.38,35.82MiB,512MiB[K
1791229031,[K,,
1791229031,[J[H100.38,35.82MiB,512MiB[K
1791229031,[K,,
1791229032,[J[H100.29,35.82MiB,512MiB[K
1791229032,[K,,
1791229032,[J[H100.29,35.82MiB,512MiB[K
1791229032,[K,,
1791229033,[J[H100.42,35.86MiB,512MiB[K
1791229033,[K,,
1791229033,[J[H100.42,35.86MiB,512MiB[K
1791229033,[K,,
1791229034,[J[H100.34,35.53MiB,512MiB[K
1791229034,[K,,
1791229034,[J[H100.34,35.53MiB,512MiB[K
1791229034,[K,,
1791229035,[J[H100.48,35.92MiB,512MiB[K
1791229035,[K,,
1791229035,[J[H100.48,35.92MiB,512MiB[K
1791229035,[K,,
1791229036,[J[H100.35,36.01MiB,512MiB[K
1791229036,[K,,
1791229036,[J[H100.35,36.01MiB,512MiB[K
1791229036,[K,,
1791229037,[J[H100.49,36.15MiB,512MiB[K
1791229037,[K,,
1791229037,[J[H100.49,36.15MiB,512MiB[K
1791229037,[K,,
1791229038,[J[H100.39,35.88MiB,512MiB[K
1791229038,[K,,
1791229038,[J[H100.39,35.88MiB,512MiB[K
1791229038,[K,,
1791229039,[J[H100.40,36.06MiB,512MiB[K
1791229039,[K,,
1791229039,[J[H100.40,36.06MiB,512MiB[K
1791229039,[K,,
1791229040,[J[H100.23,35.94MiB,512MiB[K
1791229040,[K,,
1791229040,[J[H100.23,35.94MiB,512MiB[K
1791229040,[K,,
1791229041,[J[H100.50,36.18MiB,512MiB[K
1791229041,[K,,
1791229041,[J[H100.50,36.18MiB,512MiB[K
1791229041,[K,,
1791229042,[J[H100.27,35.93MiB,512MiB[K
1791229042,[K,,
1791229042,[J[H100.27,35.93MiB,512MiB[K
1791229042,[K,,
1791229043,[J[H100.50,36.24MiB,512MiB[K
1791229043,[K,,
1791229043,[J[H100.50,36.24MiB,512MiB[K
1791229043,[K,,
1791229044,[J[H100.17,35.96MiB,512MiB[K
1791229044,[K,,
1791229044,[J[H100.17,35.96MiB,512MiB[K
1791229044,[K,,
1791229045,[J[H100.37,35.48MiB,512MiB[K
1791229045,[K,,
1791229045,[J[H100.37,35.48MiB,512MiB[K
1791229045,[K,,
1791229046,[J[H100.47,35.43MiB,512MiB[K
1791229046,[K,,
1791229046,[J[H100.47,35.43MiB,512MiB[K
1791229046,[K,,
1791229047,[J[H100.47,35.23MiB,512MiB[K
1791229047,[K,,
1791229047,[J[H100.47,35.23MiB,512MiB[K
1791229047,[K,,
1791229048,[J[H100.32,35.64MiB,512MiB[K
1791229048,[K,,
1791229048,[J[H100.32,35.64MiB,512MiB[K
1791229048,[K,,
1791229049,[J[H100.48,35.47MiB,512MiB[K
1791229049,[K,,
1791229049,[J[H100.48,35.47MiB,512MiB[K
1791229049,[K,,
1791229050,[J[H100.34,35.53MiB,512MiB[K
1791229050,[K,,
1791229050,[J[H100.34,35.53MiB,512MiB[K
1791229050,[K,,
1791229051,[J[H100.44,35.37MiB,512MiB[K
1791229051,[K,,
1791229051,[J[H100.44,35.37MiB,512MiB[K
1791229051,[K,,
1791229052,[J[H100.37,35.37MiB,512MiB[K
1791229052,[K,,
1791229052,[J[H100.37,35.37MiB,512MiB[K
1791229052,[K,,
1791229053,[J[H100.52,35.57MiB,512MiB[K
1791229053,[K,,
1791229053,[J[H100.52,35.57MiB,512MiB[K
1791229053,[K,,
1791229054,[J[H100.26,35.48MiB,512MiB[K
1791229054,[K,,
1791229054,[J[H100.26,35.48MiB,512MiB[K
1791229054,[K,,
1791229055,[J[H100.38,35.81MiB,512MiB[K
1791229055,[K,,
1791229055,[J[H100.38,35.81MiB,512MiB[K
1791229055,[K,,
1791229056,[J[H100.46,35.52MiB,512MiB[K
1791229056,[K,,
1791229056,[J[H100.46,35.52MiB,512MiB[K
1791229056,[K,,
1791229057,[J[H100.37,35.59MiB,512MiB[K
1791229057,[K,,
1791229057,[J[H100.37,35.59MiB,512MiB[K
1791229057,[K,,
1791229058,[J[H100.41,35.72MiB,512MiB[K
1791229058,[K,,
1791229058,[J[H100.41,35.72MiB,512MiB[K
1791229058,[K,,
1791229059,[J[H100.32,35.36MiB,512MiB[K
1791229059,[K,,
1791229059,[J[H100.32,35.36MiB,512MiB[K
1791229059,[K,,
1791229060,[J[H100.38,35.57MiB,512MiB[K
1791229060,[K,,
1791229060,[J[H100.38,35.57MiB,512MiB[K
1791229060,[K,,
1791229061,[J[H100.13,35.52MiB,512MiB[K
1791229061,[K,,
1791229061,[J[H100.13,35.52MiB,512MiB[K
1791229061,[K,,
1791229062,[J[H100.34,35.44MiB,512MiB[K
1791229062,[K,,
1791229062,[J[H100.34,35.44MiB,512MiB[K
1791229062,[K,,
1791229063,[J[H100.27,35.11MiB,512MiB[K
1791229063,[K,,
1791229063,[J[H100.27,35.11MiB,512MiB[K
1791229063,[K,,
1791229064,[J[H100.50,35.5MiB,512MiB[K
1791229064,[K,,
1791229064,[J[H100.50,35.5MiB,512MiB[K
1791229064,[K,,
1791229065,[J[H100.34,35.15MiB,512MiB[K
1791229065,[K,,
1791229065,[J[H100.34,35.15MiB,512MiB[K
1791229065,[K,,
1791229066,[J[H100.40,35.53MiB,512MiB[K
1791229066,[K,,
1791229066,[J[H100.40,35.53MiB,512MiB[K
1791229066,[K,,
1791229067,[J[H100.41,35.26MiB,512MiB[K
1791229067,[K,,
1791229067,[J[H100.41,35.26MiB,512MiB[K
1791229067,[K,,
1791229068,[J[H100.40,35.47MiB,512MiB[K
1791229068,[K,,
1791229068,[J[H100.40,35.47MiB,512MiB[K
1791229068,[K,,
1791229069,[J[H100.36,35.52MiB,512MiB[K
1791229069,[K,,
1791229069,[J[H100.36,35.52MiB,512MiB[K
1791229069,[K,,
1791229070,[J[H100.36,35.35MiB,512MiB[K
1791229070,[K,,
1791229070,[J[H100.36,35.35MiB,512MiB[K
1791229070,[K,,
1791229071,[J[H100.26,35.58MiB,512MiB[K
1791229071,[K,,
1791229071,[J[H100.26,35.58MiB,512MiB[K
1791229071,[K,,
1791229072,[J[H100.38,35.49MiB,512MiB[K
1791229072,[K,,
1791229072,[J[H100.38,35.49MiB,512MiB[K
1791229072,[K,,
1791229073,[J[H100.44,35.64MiB,512MiB[K
1791229073,[K,,
1791229073,[J[H100.44,35.64MiB,512MiB[K
1791229073,[K,,
1791229074,[J[H100.32,35.55MiB,512MiB[K
1791229074,[K,,
1791229074,[J[H100.32,35.55MiB,512MiB[K
1791229074,[K,,
1791229075,[J[H100.44,35.59MiB,512MiB[K
1791229075,[K,,
1791229075,[J[H100.44,35.59MiB,512MiB[K
1791229075,[K,,
1791229076,[J[H100.35,35.09MiB,512MiB[K
1791229076,[K,,
1791229076,[J[H100.35,35.09MiB,512MiB[K
1791229076,[K,,
1791229077,[J[H100.48,34.88MiB,512MiB[K
1791229077,[K,,
1791229077,[J[H100.48,34.88MiB,512MiB[K
1791229077,[K,,
1791229078,[J[H100.43,34.84MiB,512MiB[K
1791229078,[K,,
1791229078,[J[H100.43,34.84MiB,512MiB[K
1791229078,[K,,
1791229079,[J[H100.37,34.85MiB,512MiB[K
1791229079,[K,,
1791229079,[J[H100.37,34.85MiB,512MiB[K
1791229079,[K,,
1791229080,[J[H100.32,34.89MiB,512MiB[K
1791229080,[K,,
1791229080,[J[H100.32,34.89MiB,512MiB[K
1791229080,[K,,
1791229081,[J[H100.31,34.55MiB,512MiB[K
1791229081,[K,,
1791229081,[J[H100.31,34.55MiB,512MiB[K
1791229081,[K,,
1791229082,[J[H100.32,34.73MiB,512MiB[K
1791229082,[K,,
1791229082,[J[H100.32,34.73MiB,512MiB[K
1791229082,[K,,
1791229083,[J[H100.32,34.77MiB,512MiB[K
1791229083,[K,,
1791229083,[J[H100.32,34.77MiB,512MiB[K
1791229083,[K,,
1791229084,[J[H100.34,34.7MiB,512MiB[K
1791229084,[K,,
1791229084,[J[H100.34,34.7MiB,512MiB[K
1791229084,[K,,
1791229085,[J[H100.38,34.84MiB,512MiB[K
1791229085,[K,,
1791229085,[J[H100.38,34.84MiB,512MiB[K
1791229085,[K,,
